%%Earth params
R = 6371*1000;
G = 6.6743e-11;
M = 5.97219e24;
mu = G*M;

